/
28615

John Smith

21

6000

8500
7005
4080
6800
5500
6086
7400
/
10128

Ashley Taylor

28

5500

7500
5500
6500
8785
6029
6573
9257
/
24510

Jennifer Brown

20

10000

8045
9999
7000
4800
10005
7760
6300
/
28429

Saket Gokhale

22

4000

3985
4023
3998
4035
3967
4009
3964
/
28610

Noah Li

18

5600

5703
5585
5642
5519
5690
5598
5615
/
21463

Sarah Davis

23

10000

9987
10023
10065
9943
10011
10089
9956
/
24517

Sydney Sweeney

32

4500

4478
4563
4423
4489
4555
4407
4578
/
25619

Sam Sulek

20

15000

16823
15051
15976
15120
18788
15034
16862
/
21000

Jeet Selal

29

5000

4823
5136
4975
4851
5022
4907
5045
/
30149

Elizabeth Martinez

27

7000

7183
6995
7146
6832
7051
7215
6957
/
23467

Arnold Schwarzenegger

45

16000

19782
16251
15936
16507
16049
17592
16147
/
24753

Chris Bumstead

35

8000

8803
8985
8042
9909
8067
8836
9965
/
19876

Bella Poarch

23

4800

4825
4876
4912
4943
4885
4832
4956
/
28975

Emma Thompson

25

8000

7903
8105
8200
8045
7958
8103
7856
/
24513

Sophia Garcia

28

6000

5865
6089
6123
5956
6023
6101
5882
/
27641

Alexander Miller

30

10000

10123
10005
10075
10154
10032
10100
10089
/
25691

Olivia White

19

8500

8300
8523
8400
8521
8221
8345
8532
/
29138

Ava Wilson

21

7500

7700
7456
7532
7600
7456
7523
7654
/
29865

Jacob Lee

24

6500

6321
6555
6412
6489
6345
6521
6655
/
22569

Sophie Patel

24

7000

6985
7056
7123
6989
7101
7054
7023
/ 